6083.0,7727.0
6083.0,7727.0
6083.0,7817.0
6083.0,7733.0
6083.0,7733.0
6083.0,7727.0
6083.0,7727.0
6083.0,7817.0
6083.0,7823.0
6083.0,7723.0
6083.0,7817.0
6083.0,7817.0
6083.0,7817.0
6083.0,7733.0
6083.0,7727.0
6083.0,7817.0
6083.0,7773.0
6083.0,7817.0
6083.0,7817.0
6083.0,7817.0
6083.0,7817.0
6083.0,7817.0
6083.0,7773.0
6083.0,7817.0
6083.0,7817.0
6083.0,7817.0
6083.0,7817.0
6083.0,7817.0
6083.0,7817.0
6083.0,7817.0
6083.0,7823.0
6083.0,7817.0
6083.0,7817.0
6083.0,7727.0
6083.0,7817.0
6083.0,7733.0
6083.0,7773.0
6083.0,7817.0
6083.0,7817.0
6083.0,7817.0
6083.0,7727.0
6083.0,7727.0
6083.0,7817.0
6083.0,7817.0
6083.0,7773.0
6083.0,7817.0
6083.0,7727.0
6083.0,7817.0
6083.0,7817.0
6083.0,7727.0
6083.0,7727.0
6083.0,7817.0
6083.0,7727.0
6083.0,7823.0
6083.0,7817.0
6083.0,7817.0
6083.0,7773.0
6083.0,7817.0
6083.0,7823.0
6083.0,7817.0
6083.0,7817.0
6083.0,7817.0
6083.0,7817.0
6083.0,7823.0
6083.0,7817.0
6083.0,7727.0
6083.0,7817.0
6083.0,7727.0
6083.0,7727.0
6083.0,7733.0
6083.0,7823.0
6083.0,7727.0
6083.0,7817.0
6083.0,7823.0
6083.0,7773.0
6083.0,7817.0
6083.0,7817.0
6083.0,7815.0
6083.0,7773.0
6083.0,7817.0
6083.0,7823.0
6083.0,7823.0
6083.0,7733.0
6083.0,7817.0
6083.0,7823.0
6083.0,7817.0
6083.0,7817.0
6083.0,7823.0
6083.0,7817.0
6083.0,7727.0
6083.0,7727.0
6083.0,7817.0
6083.0,7817.0
6083.0,7727.0
6083.0,7733.0
6083.0,7817.0
6083.0,7817.0
6083.0,7817.0
6083.0,7817.0
6083.0,7727.0
