5668.0,7357.0
5668.0,7417.0
5668.0,7425.0
5668.0,7417.0
5668.0,7417.0
5668.0,7357.0
5668.0,7443.0
5668.0,7369.0
5668.0,7437.0
5668.0,7417.0
5668.0,7417.0
5668.0,7357.0
5668.0,7417.0
5668.0,7417.0
5668.0,7237.0
5668.0,7245.0
5668.0,7605.0
5668.0,7417.0
5668.0,7425.0
5668.0,7417.0
5668.0,7417.0
5668.0,7247.0
5668.0,7357.0
5668.0,7417.0
5668.0,7357.0
5668.0,7501.0
5668.0,7237.0
5668.0,7245.0
5668.0,7417.0
5668.0,7417.0
5668.0,7417.0
5668.0,7417.0
5668.0,7257.0
5668.0,7425.0
5668.0,7417.0
5668.0,7417.0
5668.0,7745.0
5668.0,7417.0
5668.0,7417.0
5668.0,7493.0
5668.0,7417.0
5668.0,7417.0
5668.0,7475.0
5668.0,7247.0
5668.0,7357.0
5668.0,7417.0
5668.0,7423.0
5668.0,7523.0
5668.0,7417.0
5668.0,7417.0
5668.0,7357.0
5668.0,7417.0
5668.0,7425.0
5668.0,7417.0
5668.0,7417.0
5668.0,7425.0
5668.0,7357.0
5668.0,7417.0
5668.0,7417.0
5668.0,7417.0
5668.0,7543.0
5668.0,7245.0
5668.0,7417.0
5668.0,7417.0
5668.0,7417.0
5668.0,7357.0
5668.0,7239.0
5668.0,7417.0
5668.0,7357.0
5668.0,7417.0
5668.0,7417.0
5668.0,7543.0
5668.0,7417.0
5668.0,7247.0
5668.0,7417.0
5668.0,7425.0
5668.0,7425.0
5668.0,7357.0
5668.0,7615.0
5668.0,7471.0
5668.0,7417.0
5668.0,7359.0
5668.0,7417.0
5668.0,7417.0
5668.0,7417.0
5668.0,7417.0
5668.0,7425.0
5668.0,7543.0
5668.0,7417.0
5668.0,7543.0
5668.0,7417.0
5668.0,7433.0
5668.0,7417.0
5668.0,7247.0
5668.0,7417.0
5668.0,7417.0
5668.0,7417.0
5668.0,7417.0
5668.0,7501.0
5668.0,7417.0
