6261.0,7623.0
6261.0,7957.0
6261.0,7959.0
6261.0,8037.0
6261.0,7957.0
6261.0,7957.0
6261.0,7957.0
6261.0,7957.0
6261.0,7957.0
6261.0,7957.0
6261.0,7957.0
6261.0,7959.0
6261.0,7957.0
6261.0,7957.0
6261.0,7957.0
6261.0,7957.0
6261.0,7957.0
6261.0,7959.0
6261.0,7957.0
6261.0,7957.0
6261.0,7957.0
6261.0,7957.0
6261.0,7957.0
6261.0,7957.0
6261.0,8039.0
6261.0,8039.0
6261.0,8119.0
6261.0,7957.0
6261.0,7957.0
6261.0,7957.0
6261.0,7957.0
6261.0,7957.0
6261.0,7959.0
6261.0,7957.0
6261.0,7957.0
6261.0,7959.0
6261.0,7957.0
6261.0,7957.0
6261.0,7957.0
6261.0,8085.0
6261.0,7957.0
6261.0,7957.0
6261.0,7957.0
6261.0,7957.0
6261.0,7957.0
6261.0,7957.0
6261.0,7957.0
6261.0,7957.0
6261.0,7957.0
6261.0,7957.0
6261.0,7957.0
6261.0,7957.0
6261.0,7957.0
6261.0,7623.0
6261.0,7957.0
6261.0,7959.0
6261.0,7957.0
6261.0,7957.0
6261.0,7957.0
6261.0,7957.0
6261.0,7957.0
6261.0,7957.0
6261.0,7957.0
6261.0,7957.0
6261.0,7957.0
6261.0,8119.0
6261.0,7957.0
6261.0,7957.0
6261.0,7957.0
6261.0,7957.0
6261.0,7957.0
6261.0,7957.0
6261.0,7957.0
6261.0,7957.0
6261.0,7957.0
6261.0,7957.0
6261.0,7957.0
6261.0,7957.0
6261.0,7623.0
6261.0,7957.0
6261.0,7959.0
6261.0,7957.0
6261.0,7957.0
6261.0,7957.0
6261.0,7957.0
6261.0,7959.0
6261.0,7957.0
6261.0,8123.0
6261.0,7957.0
6261.0,7957.0
6261.0,7623.0
6261.0,7959.0
6261.0,7957.0
6261.0,7957.0
6261.0,7959.0
6261.0,7957.0
6261.0,8037.0
6261.0,7957.0
6261.0,7957.0
6261.0,7957.0
