1097.0,6373.0
1097.0,6373.0
1097.0,5835.0
1097.0,6373.0
1097.0,6373.0
1097.0,6373.0
1097.0,6373.0
1097.0,6373.0
1097.0,6373.0
1097.0,6373.0
1097.0,6373.0
1097.0,6373.0
1097.0,6373.0
1097.0,5835.0
1097.0,6373.0
1097.0,6373.0
1097.0,6373.0
1097.0,6373.0
1097.0,6373.0
1097.0,6373.0
1097.0,5835.0
1097.0,6373.0
1097.0,6373.0
1097.0,6373.0
1097.0,6373.0
1097.0,6373.0
1097.0,6373.0
1097.0,6373.0
1097.0,6373.0
1097.0,6373.0
1097.0,6717.0
1097.0,6373.0
1097.0,5753.0
1097.0,6373.0
1097.0,6373.0
1097.0,6373.0
1097.0,6373.0
1097.0,6373.0
1097.0,6373.0
1097.0,6373.0
1097.0,6373.0
1097.0,6373.0
1097.0,6373.0
1097.0,5835.0
1097.0,6373.0
1097.0,6373.0
1097.0,5801.0
1097.0,6373.0
1097.0,6373.0
1097.0,6373.0
1097.0,6373.0
1097.0,6373.0
1097.0,6373.0
1097.0,6373.0
1097.0,6373.0
1097.0,6373.0
1097.0,6373.0
1097.0,6373.0
1097.0,6373.0
1097.0,6373.0
1097.0,6365.0
1097.0,6373.0
1097.0,5835.0
1097.0,6373.0
1097.0,6373.0
1097.0,6373.0
1097.0,6373.0
1097.0,6373.0
1097.0,6373.0
1097.0,6373.0
1097.0,6373.0
1097.0,6189.0
1097.0,6373.0
1097.0,6373.0
1097.0,6373.0
1097.0,6373.0
1097.0,6373.0
1097.0,6373.0
1097.0,6373.0
1097.0,6373.0
1097.0,6373.0
1097.0,6373.0
1097.0,6373.0
1097.0,5799.0
1097.0,6373.0
1097.0,6373.0
1097.0,5835.0
1097.0,5801.0
1097.0,6373.0
1097.0,6373.0
1097.0,6373.0
1097.0,6373.0
1097.0,6373.0
1097.0,5801.0
1097.0,6373.0
1097.0,6373.0
1097.0,5835.0
1097.0,6373.0
1097.0,6373.0
1097.0,6373.0
