5862.0,8819.0
5862.0,8819.0
5862.0,8819.0
5862.0,8819.0
5862.0,8731.0
5862.0,8819.0
5862.0,8819.0
5862.0,8819.0
5862.0,8819.0
5862.0,8819.0
5862.0,8819.0
5862.0,8819.0
5862.0,8819.0
5862.0,8819.0
5862.0,8819.0
5862.0,8819.0
5862.0,8819.0
5862.0,8819.0
5862.0,8819.0
5862.0,8819.0
5862.0,8819.0
5862.0,8819.0
5862.0,8819.0
5862.0,8819.0
5862.0,8819.0
5862.0,8819.0
5862.0,8819.0
5862.0,8819.0
5862.0,8819.0
5862.0,8819.0
5862.0,8905.0
5862.0,8819.0
5862.0,8819.0
5862.0,8819.0
5862.0,8819.0
5862.0,8819.0
5862.0,8819.0
5862.0,8819.0
5862.0,8819.0
5862.0,8819.0
5862.0,8819.0
5862.0,8819.0
5862.0,8819.0
5862.0,8819.0
5862.0,8819.0
5862.0,8819.0
5862.0,8819.0
5862.0,8819.0
5862.0,8819.0
5862.0,8819.0
5862.0,8819.0
5862.0,8819.0
5862.0,8819.0
5862.0,8819.0
5862.0,8819.0
5862.0,8819.0
5862.0,8819.0
5862.0,8819.0
5862.0,8819.0
5862.0,8819.0
5862.0,8819.0
5862.0,8819.0
5862.0,8819.0
5862.0,8819.0
5862.0,8819.0
5862.0,8819.0
5862.0,8819.0
5862.0,8819.0
5862.0,8819.0
5862.0,8819.0
5862.0,8819.0
5862.0,8819.0
5862.0,8819.0
5862.0,8819.0
5862.0,8819.0
5862.0,8819.0
5862.0,8819.0
5862.0,8819.0
5862.0,8819.0
5862.0,8819.0
5862.0,8819.0
5862.0,8819.0
5862.0,8819.0
5862.0,8819.0
5862.0,8819.0
5862.0,8819.0
5862.0,8819.0
5862.0,8819.0
5862.0,8819.0
5862.0,8819.0
5862.0,8819.0
5862.0,8819.0
5862.0,8819.0
5862.0,8819.0
5862.0,8819.0
5862.0,8819.0
5862.0,8819.0
5862.0,8819.0
5862.0,8819.0
5862.0,8819.0
